662
71
805
862
680
811
846
855
230
92
92
360
664
881
677
934
780
8
654
959
539
21
379
969
976
872
579
566
652
809
482
394
492
303
650
38
106
385
793
865
220
349
691
392
797
11
890
870
156
733
921
203
238
188
294
58
408
677
778
104
411
706
249
638
848
948
917
817
346
69
310
118
428
785
931
217
934
475
844
885
66
587
74
773
194
107
375
826
190
498
212
398
474
925
949
213
353
853
33
164
998
325
640
823
957
746
777
264
904
457
325
390
618
265
670
165
909
634
810
503
438
904
563
345
597
758
154
941
612
691
336
837
489
462
995
106
383
911
467
44
445
765
647
464
226
151
116
249
929
500
140
18
823
454
968
118
762
8
304
620
573
878
273
572
661
527
971
259
83
983
492
166
339
978
373
340
761
758
934
550
148
25
236
624
393
62
167
716
380
873
812
362
115
537
697
159
522
41
812
13
529
374
143
109
365
952
122
555
937
674
774
371
38
304
750
715
873
819
165
928
345
77
478
743
417
802
230
509
573
219
675
865
13
25
62
4
980
145
556
278
85
442
972
541
91
614
485
680
792
541
486
653
247
778
680
980
710
494
88
825
629
439
89
430
401
660
407
883
265
438
390
388
861
798
417
551
102
332
804
463
649
188
992
754
203
912
732
490
214
134
805
934
835
622
541
861
442
874
458
955
985
172
497
310
341
644
246
909
320
893
150
717
833
178
622
681
414
612
678
336
715
407
611
42
159
97
355
954
967
120
519
382
974
539
132
702
923
905
971
453
149
717
400
618
295
644
786
287
810
908
168
903
483
750
108
570
934
523
736
889
557
913
107
852
241
974
42
268
610
894
242
150
907
924
529
267
692
505
265
95
137
347
268
753
12
955
258
854
253
15
506
559
376
892
593
682
750
10
187
540
866
437
994
730
404
703
507
126
300
315
572
793
309
518
437
182
310
176
129
882
256
249
71
76
54
910
734
445
807
75
907
477
247
855
647
558
407
129
322
235
821
767
35
824
338
55
232
814
546
582
509
270
33
673
257
793
831
805
871
701
503
710
37
897
516
330
371
324
875
293
510
332
2
558
147
926
426
142
184
746
755
285
221
571
539
644
333
499
510
257
583
408
396
493
489
380
908
711
561
24
559
548
769
630
504
893
605
653
418
576
815
481
859
180
137
275
77
551
901
683
638
671
908
360
611
136
722
702
514
315
147
830
377
39
384
748
265
271
882
45
329
787
311
115
840
513
695
666
256
999
651
457
34
933
156
627
24
177
22
775
668
685
947
172
295
540
76
337
343
18
914
449
239
163
770
824
513
841
199
317
570
122
179
138
647
376
65
221
50
350
757
88
582
893
403
865
927
892
130
232
709
105
926
966
200
884
338
155
822
609
84
935
481
968
64
337
152
203
70
627
491
321
282
512
282
564
625
746
825
361
908
335
332
509
216
617
896
946
657
255
724
830
122
66
15
858
150
91
969
104
870
281
796
853
316
984
288
86
376
804
405
265
152
671
545
549
37
313
110
578
414
496
536
20
471
397
437
996
18
200
308
147
319
12
465
992
71
712
123
629
153
945
340
850
922
812
259
577
452
620
567
784
985
934
280
394
589
191
622
124
764
663
165
318
896
856
705
751
46
698
132
81
264
538
808
166
130
428
803
938
514
430
469
26
473
13
656
242
829
682
594
968
180
131
781
294
990
344
184
42
153
32
303
334
620
821
172
32
470
698
397
301
325
124
827
861
857
876
808
581
644
3
190
607
175
712
724
358
31
270
915
894
453
845
793
914
99
596
597
813
831
261
95
537
302
414
931
65
679
839
644
262
461
424
954
43
778
464
822
706
289
459
234
11
373
620
536
100
907
159
998
832
806
516
268
893
12
86
355
998
630
815
554
861
490
176
513
120
568
314
404
325
662
467
132
677
708
424
715
520
36
410
454
730
401
696
267
802
761
394
650
637
735
154
423
344
458
728
488
435
241
552
9
86
981
633
762
70
837
20
519
652
614
924
663
192
952
25
600
239
381
366
845
512
200
280
207
297
828
249
408
189
5
353
245
153
680
295
296
906
741
466
710
561
909
421
661
103
922
752
431
218
273
130
273
980
656
517
712
578
524
709
442
432
64
534
498
727
434
233
559
869
316
884
731
503
239
499
94
352
231
340
177
584
922
57
349
222
212
981
637
969
601
826
312
205
213
41
64
80
889
702
353
114
97
867
721
395
816
112
367
478
42
947
956
883
870
460
26
960
212
479
422
780
595
978
368
921
760
416
665
381
933
744
792
52
300
293
162
259
283
119
575
748
945
212
595
248
286
839
106
940
880
539
659
353
254
794
701
797
500
34
475
763
649
691
386
44
101
997
255
376
732
869
473
376
721
443
913
909
431
976
155
620
250
45
475
45
202
576
383
372
474
471
528799
